70 6 6 0 2 2 2
135 5 5 0 2 2 1
216 8 8 0 3 3 2
262 7 7 0 3 3 1
310 6 6 0 2 2 2
329 7 7 0 3 2 2
373 7 7 0 3 2 2
435 6 6 0 3 2 1
441 8 8 0 3 3 2
452 8 8 0 3 3 2
584 7 7 0 3 2 2
652 4 4 0 2 2 0
728 6 6 0 2 2 2
733 4 4 0 2 1 1
762 5 5 0 3 1 1
863 4 4 0 2 1 1
886 7 7 0 3 2 2
888 7 7 0 3 2 2
896 6 6 0 2 2 2
961 6 6 0 3 2 1
979 7 7 0 3 3 1
993 7 7 0 3 3 1
1120 3 3 0 2 1 0
1140 7 7 0 3 3 1
1148 4 4 0 2 1 1
1172 7 7 0 3 2 2
1190 5 5 0 2 2 1
1192 4 4 0 2 1 1
1231 6 6 0 3 2 1
1260 4 4 0 2 1 1
1263 8 8 0 3 3 2
1266 5 5 0 2 2 1
1345 5 5 0 3 2 0
1492 8 8 0 3 3 2
1510 6 6 0 3 2 1
1558 6 6 0 3 2 1
1578 5 5 0 2 2 1
1601 9 9 0 3 3 3
1627 5 5 0 2 2 1
1676 8 8 0 3 3 2
1746 6 6 0 3 2 1
1783 6 6 0 3 2 1
1909 6 6 0 2 2 2
1929 7 7 0 3 3 1
1958 7 7 0 3 2 2
2025 4 4 0 3 1 0
2101 6 6 0 3 3 0
2264 9 9 0 3 3 3
2284 8 8 0 3 3 2
2298 7 7 0 3 3 1
2376 7 7 0 3 2 2
2385 9 9 0 3 3 3
2402 4 4 0 2 2 0
2599 6 6 0 3 2 1
2631 8 8 0 3 3 2
2757 3 3 0 2 1 0
2762 6 6 0 2 2 2
2821 7 7 0 3 2 2
3010 5 5 0 2 2 1
3052 5 5 0 2 2 1
3110 6 6 0 2 2 2
3124 4 4 0 2 1 1
3146 5 5 0 2 2 1
3147 7 7 0 3 3 1
3264 7 7 0 3 2 2
3366 7 7 0 3 3 1
3367 6 6 0 2 2 2
3464 5 5 0 2 2 1
3483 7 7 0 3 3 1
3494 8 8 0 3 3 2
3515 6 6 0 3 2 1
3618 6 6 0 2 2 2
3704 3 3 0 2 1 0
3719 5 5 0 2 2 1
3829 6 6 0 3 2 1
3844 5 5 0 2 2 1
3869 5 5 0 2 2 1
3928 7 7 0 3 2 2
3976 7 7 0 3 2 2
4025 7 7 0 3 2 2
4054 8 8 0 3 3 2
4312 6 6 0 3 2 1
4358 7 7 0 3 2 2
4421 5 5 0 2 2 1
4518 7 7 0 3 2 2
4629 5 5 0 2 2 1
4645 6 6 0 3 2 1
4702 6 6 0 3 2 1
4749 6 6 0 3 2 1
4765 6 6 0 3 2 1
4814 4 4 0 2 2 0
4827 5 5 0 2 2 1
4858 8 8 0 3 3 2
4881 3 3 0 2 1 0
4983 8 8 0 3 3 2
5178 4 4 0 2 1 1
5265 6 6 0 2 2 2
5282 7 7 0 3 2 2
5299 6 6 0 3 2 1
5305 2 2 0 1 1 0
5317 4 4 0 3 1 0
5392 6 6 0 2 2 2
5495 5 5 0 3 1 1
5538 5 5 0 2 2 1
5589 4 4 0 2 2 0
5613 8 8 0 3 3 2
5770 3 3 0 1 1 1
5771 7 7 0 3 3 1
5917 3 3 0 1 1 1
6103 6 6 0 3 2 1
6111 5 5 0 2 2 1
6119 6 6 0 2 2 2
6133 2 2 0 1 1 0
6151 5 5 0 2 2 1
6343 7 7 0 3 2 2
6380 7 7 0 3 2 2
6386 5 5 0 3 1 1
6488 6 6 0 3 2 1
6504 5 5 0 3 1 1
6662 7 7 0 3 3 1
6693 6 6 0 3 2 1
6865 5 5 0 3 1 1
7209 6 6 0 3 2 1
7227 6 6 0 3 2 1
7234 7 7 0 3 2 2
7236 8 8 0 3 3 2
7313 5 5 0 2 2 1
7344 7 7 0 3 2 2
7417 5 5 0 2 2 1
7441 5 5 0 3 2 0
7481 2 2 0 1 1 0
7527 8 8 0 3 3 2
7539 4 4 0 2 2 0
7667 7 7 0 3 2 2
7697 5 5 0 2 2 1
7702 8 8 0 3 3 2
7705 3 3 0 2 1 0
7736 7 7 0 3 2 2
7743 6 6 0 3 2 1
7878 7 7 0 3 3 1
7935 7 7 0 3 2 2
7986 4 4 0 2 2 0
8081 4 4 0 2 1 1
8154 5 5 0 2 2 1
8178 5 5 0 2 2 1
8224 6 6 0 3 2 1
8245 2 2 0 1 1 0
8248 7 7 0 3 2 2
8369 5 5 0 2 2 1
8478 7 7 0 3 3 1
8486 6 6 0 2 2 2
8504 1 1 0 1 0 0
8601 5 5 0 2 2 1
8711 5 5 0 2 2 1
8830 7 7 0 3 2 2
8866 5 5 0 2 2 1
8992 7 7 0 3 2 2
9008 8 8 0 3 3 2
9032 3 3 0 2 1 0
9143 4 4 0 2 1 1
9216 3 3 0 2 1 0
9267 2 2 0 1 1 0
9394 6 6 0 2 2 2
9414 4 4 0 2 2 0
9426 5 5 0 3 2 0
9434 6 6 0 3 2 1
9515 8 8 0 3 3 2
9536 6 6 0 3 2 1
9660 5 5 0 2 2 1
9777 6 6 0 3 2 1
9795 3 3 0 2 1 0
9835 7 7 0 3 2 2
9880 5 5 0 2 2 1
9898 5 5 0 3 1 1
10019 6 6 0 3 2 1
10268 4 4 0 2 1 1
10335 4 4 0 3 1 0
10370 5 5 0 2 2 1
10440 4 4 0 2 1 1
10642 4 4 0 2 1 1
